MTS793|MPT|ENU|1|2|.|/|:|1|0|0|A

Data Acquisition						Time:	102.01172	s	10/19/2023 3:07:35 PM
Time	Ch 1 LVDT	Ch 1 Force
s	mm	N
0.11035156	-0.0022101402	-0.7439009
0.20996094	-0.0014734268	4.0320168
0.30957031	0.00090837479	11.47261
0.40917969	0.0028645992	26.020493
0.50878906	0.016483068	94.792984
0.60839844	0.026843548	145.64081
0.70800781	0.03336668	179.64932
0.80761719	0.041241646	214.25085
0.90722656	0.050218105	256.73431
1.0068359	0.057313442	293.81427
1.1064453	0.06765604	325.59451
1.2060547	0.073796511	352.76187
1.3056641	0.080730915	388.03625
1.4052734	0.093108416	429.86612
1.5048828	0.10088682	456.70013
1.6044922	0.1069665	480.89322
1.7041016	0.11762381	509.30624
1.8037109	0.12710452	540.13208
1.9033203	0.13573766	562.47699
2.0029297	0.14124513	580.90234
2.1025391	0.14796495	596.95044
2.2021484	0.15749931	620.34827
2.3017578	0.16676188	644.47034
2.4013672	0.17516613	664.6524
2.5009766	0.18520832	680.61017
2.6005859	0.19157052	694.98181
2.7001953	0.19791126	711.88733
2.7998047	0.20838976	728.9978
2.8994141	0.21707296	744.8186
2.9990234	0.22589207	758.11676
3.0986328	0.23473978	769.32819
3.1982422	0.2412343	780.0069
3.2978516	0.24942398	789.43317
3.3974609	0.25942683	800.20624
3.4970703	0.26637554	810.66492
3.5966797	0.27572751	818.29962
3.6962891	0.28490067	825.52051
3.7958984	0.29143453	832.34906
3.8955078	0.29986024	839.42322
3.9951172	0.30769944	845.70239
4.0947266	0.31614661	852.0495
4.1943359	0.32543421	857.41504
4.2939453	0.3314209	860.7356
4.3935547	0.33990741	866.08337
4.4931641	0.34842253	871.16028
4.5927734	0.35749555	875.56903
4.6923828	0.36510944	879.39178
4.7919922	0.37656784	882.94464
4.8916016	0.38206816	886.07343
4.9912109	0.39112687	888.69171
5.0908203	0.40045023	890.92926
5.1904297	0.40713429	893.06146
5.2900391	0.41454434	895.93622
5.3896484	0.42436838	898.41962
5.4892578	0.43320179	900.69733
5.5888672	0.44219613	903.10675
5.6884766	0.45087218	905.44641
5.7880859	0.46003461	907.18909
5.8876953	0.46795607	908.64526
5.9873047	0.47957182	909.7876
6.0869141	0.48678875	911.23724
6.1865234	0.49509645	912.34253
6.2861328	0.50277472	914.12012
6.3857422	0.51184058	914.77179
6.4853516	0.52034497	916.11877
6.5849609	0.52852392	917.83472
6.6845703	0.53611994	917.90723
6.7841797	0.5447495	919.65613
6.8837891	0.55362582	920.62878
6.9833984	0.56146145	922.88757
7.0830078	0.57303429	923.25861
7.1826172	0.58171749	923.48706
7.2822266	0.59014678	924.27588
7.3818359	0.59832931	924.81476
7.4814453	0.60722709	925.70392
7.5810547	0.61474442	926.30585
7.6806641	0.62477589	926.87848
7.7802734	0.63102365	927.50073
7.8798828	0.64022899	928.19659
7.9794922	0.64826131	928.46979
8.0791016	0.65625787	929.39233
8.1787109	0.6641829	929.74225
8.2783203	0.67263365	930.51868
8.3779297	0.68129897	931.31677
8.4775391	0.68946004	932.41119
8.5771484	0.69959879	932.84644
8.6767578	0.70855379	933.19391
8.7763672	0.71699739	933.36035
8.8759766	0.72474718	933.6864
8.9755859	0.73270798	934.68665
9.0751953	0.7405901	934.98651
9.1748047	0.7501173	934.90814
9.2744141	0.75769901	935.95898
9.3740234	0.7657063	936.146
9.4736328	0.77397466	936.37451
9.5732422	0.78198195	937.58344
9.6728516	0.78997493	937.7403
9.7724609	0.79883337	938.02863
9.8720703	0.8061254	938.21088
9.9716797	0.8156991	939.40656
10.071289	0.82406044	939.68585
10.170898	0.83208561	940.06372
10.270508	0.84113002	940.71149
10.370117	0.8491981	940.62115
10.469727	0.85731626	941.09747
10.569336	0.86658239	941.69019
10.668945	0.87338448	942.24652
10.768555	0.88357687	942.67297
10.868164	0.89257121	943.08356
10.967773	0.90147257	943.85406
11.067383	0.9104383	943.6391
11.166992	0.91890693	943.90106
11.266602	0.92748642	944.08893
11.366211	0.93476415	945.1012
11.46582	0.94479561	945.16943
11.56543	0.95287085	945.11316
11.665039	0.96176147	945.63641
11.764648	0.96906066	945.52515
11.864258	0.97738981	945.92139
11.963867	0.98636985	946.49152
12.063477	0.99336505	946.97394
12.163086	1.0026562	946.8725
12.262695	1.0091543	947.32587
12.362305	1.0186315	947.24146
12.461914	1.0275078	948.42474
12.561523	1.0365915	948.82422
12.661133	1.0425961	948.69818
12.760742	1.051265	949.44128
12.860352	1.0606849	949.49304
12.959961	1.0699153	950.38092
13.05957	1.0781801	950.56683
13.15918	1.0836732	950.17175
13.258789	1.09339	951.06567
13.358398	1.101526	950.80859
13.458008	1.1102271	951.6001
13.557617	1.1182451	951.77942
13.657227	1.125741	951.8584
13.756836	1.1354899	952.69104
13.856445	1.1439908	952.96619
13.956055	1.1526239	953.19421
14.055664	1.1615431	953.51935
14.155273	1.1703694	953.76367
14.254883	1.1783946	953.93494
14.354492	1.1891556	953.89001
14.454102	1.194731	953.85651
14.553711	1.2052023	954.82965
14.65332	1.2137032	954.91315
14.75293	1.2213242	955.47894
14.852539	1.2282622	955.0697
14.952148	1.2375605	955.31158
15.051758	1.2459683	955.83807
15.151367	1.2543333	955.83484
15.250977	1.2623584	956.21625
15.350586	1.2698472	956.93506
15.450195	1.2778509	956.82642
15.549805	1.2864375	957.07861
15.649414	1.2945628	957.3678
15.749023	1.3023663	957.98523
15.848633	1.3125443	957.57709
15.948242	1.3199115	958.41962
16.047852	1.3271964	958.9068
16.147461	1.3367701	959.28851
16.24707	1.3449812	959.19232
16.34668	1.3542044	959.48553
16.446289	1.3627625	959.83594
16.545898	1.370784	959.82996
16.645508	1.3780046	960.02368
16.745117	1.3882971	960.4574
16.844727	1.3962972	960.70447
16.944336	1.4052236	960.92792
17.043945	1.412648	961.42072
17.143555	1.4199865	961.10913
17.243164	1.4304864	961.41327
17.342773	1.4362228	961.42273
17.442383	1.4443696	961.76617
17.541992	1.4545333	962.22626
17.641602	1.4628303	962.43201
17.741211	1.4690959	962.52502
17.84082	1.4783549	962.69647
17.94043	1.4865768	963.00684
18.040039	1.4950597	963.38263
18.139648	1.5026736	963.59564
18.239258	1.5129197	963.57825
18.338867	1.5213525	963.83917
18.438477	1.5275574	964.37531
18.538086	1.5360653	964.37451
18.637695	1.5446484	964.44983
18.737305	1.5526593	965.01538
18.836914	1.5610385	965.04706
18.936523	1.5697074	965.42029
19.036133	1.579206	965.53333
19.135742	1.5872741	965.2616
19.235352	1.5953922	965.8139
19.334961	1.6033173	966.16791
19.43457	1.6104734	965.68237
19.53418	1.6177011	966.58826
19.633789	1.6268814	966.41626
19.733398	1.6351855	966.86469
19.833008	1.6430247	967.09808
19.932617	1.6519797	967.15417
20.032227	1.6608703	967.63721
20.131836	1.6683519	968.13788
20.231445	1.6781008	968.50867
20.331055	1.6856825	968.52222
20.430664	1.6952813	968.5874
20.530273	1.7029774	968.6076
20.629883	1.7117035	969.06952
20.729492	1.7180765	968.74133
20.829102	1.728487	969.21948
20.928711	1.7353034	969.25275
21.02832	1.7445338	969.46478
21.12793	1.7532885	969.67401
21.227539	1.7615998	969.85919
21.327148	1.7695177	970.27344
21.426758	1.7794132	970.47626
21.526367	1.7870557	970.47992
21.625977	1.7962754	970.815
21.725586	1.802541	970.81525
21.825195	1.8123221	970.96637
21.924805	1.82024	971.05969
22.024414	1.828351	971.59973
22.124023	1.8368912	971.49762
22.223633	1.846379	971.98175
22.323242	1.8551302	972.51666
22.422852	1.8632019	972.36487
22.522461	1.8707871	972.32843
22.62207	1.8792772	972.32404
22.72168	1.8891084	972.39178
22.821289	1.896143	972.87976
22.920898	1.9041789	973.15747
23.020508	1.9115174	973.06317
23.120117	1.9204974	973.08221
23.219727	1.9286728	973.52551
23.319336	1.9361079	973.71783
23.418945	1.9432533	974.02942
23.518555	1.9531167	973.95532
23.618164	1.961385	973.97614
23.717773	1.9690704	974.06519
23.817383	1.9769454	974.54742
23.916992	1.9854927	974.78076
24.016602	1.9947088	974.78882
24.116211	2.0024836	974.89117
24.21582	2.0122504	975.48956
24.31543	2.0171177	975.26544
24.415039	2.027564	975.49744
24.514648	2.0354748	975.68024
24.614258	2.0445013	975.67657
24.713867	2.0517075	975.73596
24.813477	2.0620036	976.03217
24.913086	2.0698535	976.46094
25.012695	2.0778215	976.53979
25.112305	2.0858645	976.73376
25.211914	2.0938182	977.10211
25.311523	2.1016681	976.54639
25.411133	2.1096718	976.56299
25.510742	2.1175075	977.23303
25.610352	2.1265376	976.93628
25.709961	2.1344411	977.08228
25.80957	2.1434498	977.5224
25.90918	2.151171	977.99481
26.008789	2.1578085	977.7674
26.108398	2.1676612	977.81976
26.208008	2.1750569	978.13086
26.307617	2.1843946	978.1441
26.407227	2.1923804	978.7005
26.506836	2.2010136	978.76746
26.606445	2.2091782	978.66101
26.706055	2.2176826	978.84674
26.805664	2.2257864	979.34058
26.905273	2.2337794	979.37805
27.004883	2.2426021	979.48236
27.104492	2.251482	979.66479
27.204102	2.2597039	980.27271
27.303711	2.2678399	980.21741
27.40332	2.277292	980.11395
27.50293	2.2854066	979.9021
27.602539	2.2954488	980.16486
27.702148	2.3046541	980.49548
27.801758	2.310698	980.53149
27.901367	2.3194814	980.7514
28.000977	2.3283684	980.8139
28.100586	2.3362613	980.95752
28.200195	2.3432314	980.47522
28.299805	2.3519576	981.20966
28.399414	2.3613274	981.61121
28.499023	2.3691094	981.81934
28.598633	2.3775315	981.43787
28.698242	2.3859429	981.34241
28.797852	2.3945832	982.00818
28.897461	2.402966	981.84576
28.99707	2.4110234	981.56738
29.09668	2.4179327	982.25702
29.196289	2.4276173	982.48676
29.295898	2.4354422	982.77356
29.395508	2.4450552	982.75574
29.495117	2.4536026	982.74121
29.594727	2.4617994	983.0553
29.694336	2.4706972	982.87244
29.793945	2.4789262	983.13647
29.893555	2.4865508	983.14935
29.993164	2.495935	983.03973
30.092773	2.5042713	983.46454
30.192383	2.5136161	983.32074
30.291992	2.5195956	983.46082
30.391602	2.5277996	983.35669
30.491211	2.5351882	983.37659
30.59082	2.5432205	983.21191
30.69043	2.5505912	983.77576
30.790039	2.5590062	984.36938
30.889648	2.5688016	984.28247
30.989258	2.5762653	984.45374
31.088867	2.5858855	984.7135
31.188477	2.5937748	984.62958
31.288086	2.6013064	985.0105
31.387695	2.6111376	985.56775
31.487305	2.6178646	985.4248
31.586914	2.6260436	985.79218
31.686523	2.6349127	985.23724
31.786133	2.6438248	985.88611
31.885742	2.6519287	985.45276
31.985352	2.6595497	985.78693
32.084961	2.668072	985.70642
32.18457	2.6752102	985.82269
32.28418	2.6864791	985.68665
32.383789	2.6928699	986.04614
32.483398	2.7006733	986.11951
32.583008	2.7093852	986.06677
32.682617	2.7177429	986.95758
32.782227	2.726444	986.96973
32.881836	2.7343225	986.59991
32.981445	2.741729	986.69519
33.081055	2.7517569	986.90631
33.180664	2.7603793	986.89398
33.280273	2.7675426	987.11261
33.379883	2.7770948	987.09235
33.479492	2.7842867	987.13483
33.579102	2.7927053	987.55237
33.678711	2.8005052	987.26447
33.77832	2.8093493	987.63373
33.87793	2.8178823	988.12994
33.977539	2.8266978	987.9762
34.077148	2.8351736	988.01971
34.176758	2.8435385	988.05377
34.276367	2.8514886	988.3512
34.375977	2.8586304	988.20697
34.475586	2.8668022	988.19672
34.575195	2.8777421	988.77649
34.674805	2.8843296	988.47961
34.774414	2.8925872	988.35846
34.874023	2.9008555	988.32214
34.973633	2.9093564	988.45105
35.073242	2.9180181	988.89471
35.172852	2.9249811	989.14191
35.272461	2.9328132	989.11102
35.37207	2.9404986	988.75763
35.47168	2.9493964	989.19171
35.571289	2.9577684	989.30261
35.670898	2.9670131	989.56616
35.770508	2.9748881	989.56036
35.870117	2.983278	989.59222
35.969727	2.9908919	989.30432
36.069336	2.9995751	989.65533
36.168945	3.0083477	989.94745
36.268555	3.015672	990.05389
36.368164	3.0235934	989.97754
36.467773	3.034637	990.14954
36.567383	3.0420327	990.47803
36.666992	3.0496073	990.00671
36.766602	3.0582333	990.2464
36.866211	3.067317	990.82092
36.96582	3.0760753	990.48462
37.06543	3.0821621	990.58386
37.165039	3.0919111	990.90204
37.264648	3.0997825	990.83716
37.364258	3.1074607	990.67413
37.463867	3.1157613	990.97247
37.563477	3.1236792	991.01575
37.663086	3.1327236	990.90039
37.762695	3.1400907	991.49182
37.862305	3.1496251	991.42944
37.961914	3.1579185	991.21747
38.061523	3.1658256	991.89178
38.161133	3.1744015	991.91266
38.260742	3.1833673	991.88715
38.360352	3.1930625	991.66528
38.459961	3.2008481	992.12195
38.55957	3.2067955	992.23633
38.65918	3.2161796	992.17163
38.758789	3.224777	991.94623
38.858398	3.2332027	991.93445
38.958008	3.2407308	992.04224
39.057617	3.2499433	992.28113
39.157227	3.2572174	992.43506
39.256836	3.26599	992.39459
39.356445	3.2737255	992.38177
39.456055	3.2821119	992.66132
39.555664	3.2915103	992.65485
39.655273	3.2976329	992.43457
39.754883	3.3067453	992.42505
39.854492	3.3143735	992.60004
39.954102	3.3232641	992.88037
40.053711	3.3309639	992.83984
40.15332	3.3391607	992.72174
40.25293	3.3479691	992.86847
40.352539	3.3552718	992.88177
40.452148	3.3634365	993.68134
40.551758	3.3725846	993.43408
40.651367	3.3806705	993.58716
40.750977	3.3878767	994.04694
40.850586	3.3975077	993.81213
40.950195	3.4058654	993.68481
41.049805	3.4136939	993.51935
41.149414	3.4236073	994.427
41.249023	3.431747	994.12683
41.348633	3.4401691	993.82581
41.448242	3.4481442	993.78333
41.547852	3.4576213	993.85114
41.647461	3.4654355	993.9104
41.74707	3.4721875	994.09723
41.84668	3.4801483	994.32336
41.946289	3.4884667	993.96039
42.045898	3.497225	994.62964
42.145508	3.5061085	994.22278
42.245117	3.514123	994.3609
42.344727	3.5227704	994.86737
42.444336	3.5312176	994.84167
42.543945	3.5395467	994.80841
42.643555	3.5495567	995.17133
42.743164	3.5550785	995.17908
42.842773	3.5627139	995.00909
42.942383	3.5724592	995.21252
43.041992	3.581264	995.01984
43.141602	3.5892391	995.18079
43.241211	3.5991347	994.91919
43.34082	3.6067736	995.25964
43.44043	3.6162114	995.69739
43.540039	3.6229742	995.29761
43.639648	3.6307311	995.14783
43.739258	3.6396253	995.38757
43.838867	3.6476433	995.46338
43.938477	3.6557937	995.70386
44.038086	3.663851	995.50537
44.137695	3.6727738	995.84998
44.237305	3.6809671	995.32953
44.336914	3.6893642	996.09027
44.436523	3.6977041	995.70062
44.536133	3.7064338	995.73962
44.635742	3.7143338	995.7865
44.735352	3.7222981	995.94495
44.834961	3.7308884	996.16376
44.93457	3.7401688	996.13629
45.03418	3.7478006	996.2287
45.133789	3.7557685	996.48157
45.233398	3.7639439	996.44623
45.333008	3.7718368	996.52856
45.432617	3.7809706	996.47131
45.532227	3.7896287	996.52966
45.631836	3.7979114	996.72021
45.731445	3.8059402	996.72101
45.831055	3.8146734	996.94098
45.930664	3.8228559	996.66052
46.030273	3.830874	996.79456
46.129883	3.8394964	996.73877
46.229492	3.8469458	997.12659
46.329102	3.8551533	996.76453
46.428711	3.8646626	996.70343
46.52832	3.8724804	996.98944
46.62793	3.8806415	997.48517
46.727539	3.8883913	997.36359
46.827148	3.8966739	997.61542
46.926758	3.9053197	997.42279
47.026367	3.9132447	997.24213
47.125977	3.9223659	997.3111
47.225586	3.9313889	997.59747
47.325195	3.9399128	997.4953
47.424805	3.9488215	997.70624
47.524414	3.9559007	997.06958
47.624023	3.9642353	997.92896
47.723633	3.9729576	997.51782
47.823242	3.981791	997.53528
47.922852	3.9904976	997.73578
48.022461	3.9960356	998.16235
48.12207	4.0059133	997.90881
48.22168	4.0146394	997.87897
48.321289	4.0218439	997.98364
48.420898	4.0310903	998.32111
48.520508	4.0392852	997.89044
48.620117	4.0477128	997.81238
48.719727	4.0560918	997.96283
48.819336	4.0644069	998.16168
48.918945	4.0718098	998.17999
49.018555	4.0796614	997.9812
49.118164	4.0901899	998.2674
49.217773	4.0987978	998.22137
49.317383	4.1055145	998.3667
49.416992	4.1128278	998.19751
49.516602	4.1218133	998.1062
49.616211	4.1309328	998.04169
49.71582	4.1376076	998.75
49.81543	4.1452684	998.71588
49.915039	4.1545076	998.51031
50.014648	4.1637897	998.57208
50.114258	4.1708317	998.60449
50.213867	4.1803193	998.67206
50.313477	4.1878562	998.41333
50.413086	4.1967344	998.52625
50.512695	4.2058306	999.14905
50.612305	4.2130404	999.32013
50.711914	4.2213392	998.7403
50.811523	4.2298436	998.68463
50.911133	4.2382569	998.79974
51.010742	4.2474031	999.08832
51.110352	4.2542534	999.14331
51.209961	4.2624769	998.78357
51.30957	4.2715716	998.88788
51.40918	4.279357	999.1109
51.508789	4.2883444	999.17877
51.608398	4.2960405	999.17975
51.708008	4.3042049	999.13928
51.807617	4.3124056	999.18359
51.907227	4.3209243	999.14343
52.006836	4.3279123	999.29315
52.106445	4.3365455	999.30865
52.206055	4.3465858	999.47858
52.305664	4.3539515	999.21924
52.405273	4.3626504	999.20135
52.504883	4.3719649	999.58319
52.604492	4.3791013	999.48352
52.704102	4.3883033	999.50476
52.803711	4.3970451	999.80725
52.90332	4.4030662	999.38586
53.00293	4.4122124	999.40179
53.102539	4.4209867	999.51263
53.202148	4.4292459	999.56476
53.301758	4.4372282	999.39612
53.401367	4.4471936	999.73846
53.500977	4.4549952	1000.1291
53.600586	4.4605169	1000.0678
53.700195	4.4699712	999.95062
53.799805	4.4781284	1000.2247
53.899414	4.4865131	999.55237
53.999023	4.494771	999.82037
54.098633	4.5033112	999.89734
54.198242	4.5130386	999.93542
54.297852	4.5204825	1000.1929
54.397461	4.5272164	1000.3171
54.49707	4.5370264	999.96265
54.59668	4.5445614	999.69043
54.696289	4.553411	1000.1254
54.795898	4.5613842	1000.3936
54.895508	4.5703735	1000.2236
54.995117	4.578599	1000.3389
55.094727	4.5866508	1000.2162
55.194336	4.5969253	999.97461
55.293945	4.603858	1000.4503
55.393555	4.6134262	1000.5773
55.493164	4.6211939	1000.1505
55.592773	4.6285291	999.94574
55.692383	4.6363125	1000.3094
55.791992	4.6453142	1000.5073
55.891602	4.6533823	1000.7028
55.991211	4.6607156	1000.4482
56.09082	4.6685367	1000.2548
56.19043	4.6776276	1000.1732
56.290039	4.6841545	1000.5356
56.389648	4.6919384	1000.4132
56.489258	4.7003317	1000.4381
56.588867	4.7082067	1000.7057
56.688477	4.717936	1000.5966
56.788086	4.725718	1000.585
56.887695	4.7341542	1000.7584
56.987305	4.7421885	1000.3594
57.086914	4.7504444	1000.5297
57.186523	4.7575216	1000.9547
57.286133	4.7656436	1000.7881
57.385742	4.7741442	1000.7199
57.485352	4.7846389	1000.9141
57.584961	4.7920113	1001.2344
57.68457	4.7998705	1000.7408
57.78418	4.8084407	1000.872
57.883789	4.816432	1001.1332
57.983398	4.8248701	1001.1084
58.083008	4.8331313	1000.9024
58.182617	4.8412409	1001.0709
58.282227	4.8504963	1001.4141
58.381836	4.8589001	1001.1584
58.481445	4.8662462	1001.2895
58.581055	4.8755016	1000.8855
58.680664	4.8839326	1001.2014
58.780273	4.8912244	1000.9634
58.879883	4.8997593	1000.8654
58.979492	4.9085302	1001.7401
59.079102	4.9169149	1001.438
59.178711	4.924087	1001.6271
59.27832	4.9331942	1001.2056
59.37793	4.9417343	1001.5081
59.477539	4.9490709	1001.2941
59.577148	4.9571638	1001.3698
59.676758	4.966609	1001.3199
59.776367	4.9758697	1001.5532
59.875977	4.9826627	1002.1461
59.975586	4.9912066	1001.412
60.075195	5.0002689	1001.263
60.174805	5.0081654	1001.5569
60.274414	5.0170002	1001.8785
60.374023	5.0272627	1001.8116
60.473633	5.0335655	1001.0753
60.573242	5.0433111	1001.7009
60.672852	5.0500669	1001.7923
60.772461	5.0580258	1001.9544
60.87207	5.0661688	1001.4994
60.97168	5.0754261	1001.5676
61.071289	5.0832491	1001.6619
61.170898	5.0918145	1001.7825
61.270508	5.0998325	1001.94
61.370117	5.1081972	1001.636
61.469727	5.1164103	1001.7587
61.569336	5.1238346	1001.96
61.668945	5.1329899	1001.9708
61.768555	5.1420488	1001.8096
61.868164	5.1501951	1001.4711
61.967773	5.1582313	1001.9211
62.067383	5.1668377	1002.3192
62.166992	5.1755815	1002.1982
62.266602	5.1824479	1002.0932
62.366211	5.1914887	1002.183
62.46582	5.2005796	1002.1644
62.56543	5.2091146	1001.9771
62.665039	5.2182016	1002.1005
62.764648	5.2259893	1002.1573
62.864258	5.2343578	1002.4965
62.963867	5.2415228	1002.2763
63.063477	5.25068	1001.681
63.163086	5.2587266	1002.0652
63.262695	5.2675619	1001.8438
63.362305	5.2741709	1002.4569
63.461914	5.2840414	1002.4673
63.561523	5.2906933	1002.5537
63.661133	5.3013144	1002.2661
63.760742	5.3072171	1001.8676
63.860352	5.3171735	1002.0804
63.959961	5.32446	1002.2595
64.05957	5.3328376	1002.0627
64.15918	5.3416014	1002.2394
64.258789	5.349793	1002.3218
64.358398	5.3584652	1002.1
64.458008	5.3656931	1001.8561
64.557617	5.3752937	1002.2183
64.657227	5.3817396	1002.291
64.756836	5.390192	1002.2013
64.856445	5.3999038	1002.4707
64.956055	5.4077873	1002.5519
65.055664	5.4147525	1002.2069
65.155273	5.4244032	1002.7386
65.254883	5.4327803	1001.7644
65.354492	5.4401903	1001.8778
65.454102	5.4486609	1002.4041
65.553711	5.4568934	1002.2062
65.65332	5.4656644	1002.3069
65.75293	5.4739523	1002.3582
65.852539	5.4807758	1002.6413
65.952148	5.4906788	1002.1406
66.051758	5.4997015	1002.5776
66.151367	5.507637	1002.3109
66.250977	5.5173397	1002.338
66.350586	5.5254488	1002.7014
66.450195	5.5339375	1002.5747
66.549805	5.5415511	1002.6145
66.649414	5.5501947	1002.2366
66.749023	5.5580072	1002.5797
66.848633	5.5672607	1002.3007
66.948242	5.5754471	1002.4222
67.047852	5.5837317	1002.1825
67.147461	5.5917621	1002.2966
67.24707	5.5999427	1002.3949
67.34668	5.608717	1002.2435
67.446289	5.6154461	1002.3499
67.545898	5.6252985	1002.1186
67.645508	5.6338587	1002.1791
67.745117	5.639956	1002.3825
67.844727	5.6499071	1002.4188
67.944336	5.657496	1002.1943
68.043945	5.6650867	1002.5892
68.143555	5.6722426	1002.9004
68.243164	5.6811886	1003.0883
68.342773	5.6899414	1001.8339
68.442383	5.6990986	1002.7132
68.541992	5.7064176	1002.4434
68.641602	5.7149668	1002.4439
68.741211	5.7226429	1002.6535
68.84082	5.7309346	1002.5129
68.94043	5.7383928	1002.1526
69.040039	5.7473211	1002.581
69.139648	5.7552156	1002.3046
69.239258	5.7644801	1002.6431
69.338867	5.7725625	1002.4842
69.438477	5.7815747	1002.5718
69.538086	5.7888989	1002.3939
69.637695	5.7985601	1002.188
69.737305	5.8053966	1002.4006
69.836914	5.813148	1002.4005
69.936523	5.8229113	1002.3354
70.036133	5.8311276	1002.2074
70.135742	5.8385091	1002.5565
70.235352	5.8466525	1002.177
70.334961	5.855216	1002.4268
70.43457	5.8629603	1002.681
70.53418	5.8715162	1002.4031
70.633789	5.8788514	1002.1653
70.733398	5.888917	1002.4138
70.833008	5.8945045	1002.179
70.932617	5.9033542	1002.411
71.032227	5.9118981	1002.3903
71.131836	5.9207244	1002.9212
71.231445	5.9272294	1003.1703
71.331055	5.9343247	1002.4314
71.430664	5.9447532	1003.0469
71.530273	5.9548025	1002.5734
71.629883	5.9624953	1002.6006
71.729492	5.970994	1002.5157
71.829102	5.978898	1002.4115
71.928711	5.9885216	1002.6419
72.02832	5.9954453	1002.364
72.12793	6.003408	1002.6924
72.227539	6.0124183	1002.9155
72.327148	6.0208011	1002.444
72.426758	6.0295448	1002.4985
72.526367	6.0368996	1002.4904
72.625977	6.0442185	1002.7424
72.725586	6.0545664	1002.7044
72.825195	6.062479	1003.1842
72.924805	6.0718451	1002.3421
73.024414	6.0799189	1002.595
73.124023	6.0884695	1002.6448
73.223633	6.0957384	1002.4086
73.323242	6.1042123	1002.3868
73.422852	6.1120481	1002.5947
73.522461	6.1204772	1002.5837
73.62207	6.1297202	1002.6822
73.72168	6.1396174	1002.4517
73.821289	6.1447744	1002.6613
73.920898	6.1545558	1002.6454
74.020508	6.1621962	1002.674
74.120117	6.1699963	1002.4913
74.219727	6.1785545	1002.1826
74.319336	6.1863704	1002.4153
74.418945	6.1945992	1002.0491
74.518555	6.2047005	1002.6105
74.618164	6.211422	1002.5785
74.717773	6.2202234	1002.5162
74.817383	6.2277532	1002.3337
74.916992	6.2372999	1002.5823
75.016602	6.2455378	1002.5054
75.116211	6.2537975	1002.5425
75.21582	6.2611289	1002.278
75.31543	6.2704897	1002.4328
75.415039	6.27847	1002.5576
75.514648	6.2872338	1002.5745
75.614258	6.2962389	1002.3774
75.713867	6.3027191	1002.554
75.813477	6.3132887	1003.1243
75.913086	6.3194294	1002.3973
76.012695	6.3293533	1002.5638
76.112305	6.3372784	1002.8676
76.211914	6.3459959	1002.558
76.311523	6.3529496	1002.4699
76.411133	6.3614559	1002.591
76.510742	6.3700085	1002.3536
76.610352	6.3777246	1002.6121
76.709961	6.3865166	1002.473
76.80957	6.3946958	1002.4259
76.90918	6.4048185	1002.2615
77.008789	6.4112325	1002.6384
77.108398	6.4201856	1002.2557
77.208008	6.4268484	1002.1067
77.307617	6.4364471	1001.9684
77.407227	6.4442611	1002.5934
77.506836	6.4531465	1002.0754
77.606445	6.4615111	1002.6119
77.706055	6.4701929	1002.5048
77.805664	6.478663	1002.0515
77.905273	6.4870925	1002.2407
78.004883	6.4956164	1001.8041
78.104492	6.5040655	1002.3378
78.204102	6.5116291	1002.6672
78.303711	6.5194488	1002.5305
78.40332	6.5283628	1002.5257
78.50293	6.5357618	1002.4033
78.602539	6.5444574	1002.3072
78.702148	6.5533519	1002.0449
78.801758	6.5625162	1002.4626
78.901367	6.5698204	1002.148
79.000977	6.5786524	1002.2024
79.100586	6.5854473	1002.2645
79.200195	6.5940838	1002.2317
79.299805	6.6026063	1002.2967
79.399414	6.6099019	1002.0781
79.499023	6.6200209	1002.2292
79.598633	6.6285858	1002.3163
79.698242	6.6356869	1002.533
79.797852	6.6452141	1002.1445
79.897461	6.6526651	1002.2466
79.99707	6.660583	1002.1375
80.09668	6.6692467	1001.9628
80.196289	6.6777744	1001.8933
80.295898	6.6858335	1002.7267
80.395508	6.6943412	1002.2163
80.495117	6.7036862	1002.22
80.594727	6.7110853	1002.3118
80.694336	6.7199011	1002.0453
80.793945	6.7280426	1001.8777
80.893555	6.7351003	1001.9987
80.993164	6.744082	1002.1746
81.092773	6.7532821	1002.6932
81.192383	6.7608619	1002.1694
81.291992	6.7693214	1001.7161
81.391602	6.7783747	1002.1776
81.491211	6.7861137	1002.1247
81.59082	6.7953391	1002.0523
81.69043	6.8038702	1002.105
81.790039	6.8117452	1002.1122
81.889648	6.8194966	1001.9686
81.989258	6.8273091	1001.5723
82.088867	6.8353148	1001.8578
82.188477	6.8447723	1001.8563
82.288086	6.8517818	1001.8538
82.387695	6.8610725	1001.955
82.487305	6.8680897	1001.7744
82.586914	6.8783569	1001.8702
82.686523	6.8858886	1001.9412
82.786133	6.8934078	1002.119
82.885742	6.901093	1001.8752
82.985352	6.9093633	1001.9084
83.084961	6.9186707	1002.0723
83.18457	6.9272571	1002.2267
83.28418	6.9344954	1002.005
83.383789	6.9432487	1001.5308
83.483398	6.9519262	1001.8748
83.583008	6.959878	1001.7892
83.682617	6.9697542	1001.8749
83.782227	6.9765668	1001.8348
83.881836	6.9848819	1002.1893
83.981445	6.9924583	1001.1589
84.081055	7.0018582	1001.4656
84.180664	7.0100999	1001.4746
84.280273	7.0176835	1001.6288
84.379883	7.0255156	1001.784
84.479492	7.0346546	1001.6428
84.579102	7.042696	1001.3174
84.678711	7.0513935	1001.7858
84.77832	7.0601645	1001.8589
84.87793	7.0688152	1001.6273
84.977539	7.0767064	1001.515
85.077148	7.0847387	1001.5872
85.176758	7.0936255	1001.5515
85.276367	7.1014309	1001.5397
85.375977	7.1098514	1001.6301
85.475586	7.1187115	1001.3628
85.575195	7.1271191	1001.3828
85.674805	7.1360188	1001.4633
85.774414	7.1432519	1001.209
85.874023	7.1522498	1001.6373
85.973633	7.1611938	1000.9813
86.073242	7.1693249	1001.0964
86.172852	7.1774664	1001.0347
86.272461	7.1851978	1001.125
86.37207	7.193615	1001.0183
86.47168	7.2015915	1000.9941
86.571289	7.2097993	1001.2983
86.670898	7.2175097	1000.9582
86.770508	7.2260909	1001.0101
86.870117	7.2345634	1000.4553
86.969727	7.2427816	1001.1792
87.069336	7.2506638	1001.1201
87.168945	7.2587872	1000.7791
87.268555	7.2680783	1001.2321
87.368164	7.2766685	1000.8863
87.467773	7.2823782	1001.1667
87.567383	7.2937489	1000.7324
87.666992	7.3008156	1000.8682
87.766602	7.3089514	1000.9401
87.866211	7.3172703	1001.108
87.96582	7.3258171	1001.12
88.06543	7.3333416	1001.0037
88.165039	7.3428102	1000.8243
88.264648	7.3518295	1000.895
88.364258	7.3580842	1000.7342
88.463867	7.3660684	1000.9867
88.563477	7.375349	1000.4625
88.663086	7.3837047	1000.8174
88.762695	7.3918319	1000.8314
88.862305	7.40135	1000.6037
88.961914	7.4102783	1000.4675
89.061523	7.4166832	1000.2585
89.161133	7.4244189	1000.5144
89.260742	7.4339657	1000.2407
89.360352	7.4421749	1000.3222
89.459961	7.4495101	1000.519
89.55957	7.4572349	1000.5398
89.65918	7.4652581	1000.0128
89.758789	7.4731011	1000.4316
89.858398	7.4829607	999.87744
89.958008	7.4910841	1000.3745
90.057617	7.4991379	1000.0952
90.157227	7.5064802	1000.0465
90.256836	7.5157356	1000.0212
90.356445	7.5239305	1000.238
90.456055	7.5310097	1000.1178
90.555664	7.5416136	1000.3969
90.655273	7.5492311	1000.1552
90.754883	7.5575657	1000.0744
90.854492	7.5661039	1000.0284
90.954102	7.5737481	1000.1746
91.053711	7.5822954	999.82184
91.15332	7.5909572	999.7655
91.25293	7.5990057	999.66266
91.352539	7.606144	999.96887
91.452148	7.6142569	999.84076
91.551758	7.6240215	999.84882
91.651367	7.6323314	999.22815
91.750977	7.6399364	1000.0204
91.850586	7.6495118	999.60828
91.950195	7.6574726	999.75696
92.049805	7.6653814	999.36127
92.149414	7.6739125	999.66052
92.249023	7.6829123	999.56757
92.348633	7.6905851	999.47192
92.448242	7.6998177	999.50183
92.547852	7.7064981	999.59241
92.647461	7.7152023	999.73425
92.74707	7.7238855	998.67773
92.84668	7.7324295	998.98657
92.946289	7.740222	999.08771
93.045898	7.7487159	999.31769
93.145508	7.7554483	999.07098
93.245117	7.7644014	999.20001
93.344727	7.7730327	998.86261
93.444336	7.7802248	999.25519
93.543945	7.7905602	999.02325
93.643555	7.797863	998.88763
93.743164	7.8058558	998.77338
93.842773	7.8148661	998.76154
93.942383	7.8224964	998.78748
94.041992	7.8312635	998.78644
94.141602	7.8387289	998.11115
94.241211	7.8472672	998.2644
94.34082	7.8556199	998.55353
94.44043	7.8644409	998.61584
94.540039	7.8729253	998.49384
94.639648	7.8799205	998.48212
94.739258	7.8907852	998.58612
94.838867	7.8973727	998.33575
94.938477	7.9053497	998.4314
95.038086	7.9144602	998.20721
95.137695	7.9232492	998.20038
95.237305	7.9307699	998.36688
95.336914	7.939106	998.44739
95.436523	7.9474015	997.55048
95.536133	7.9554157	998.09497
95.635742	7.9638915	997.75122
95.735352	7.9718881	997.84357
95.834961	7.9797525	998.00159
95.93457	7.9904599	998.10944
96.03418	7.9972725	997.82568
96.133789	8.005044	997.91449
96.233398	8.0143318	997.67688
96.333008	8.0220222	997.73883
96.432617	8.0309544	997.61896
96.532227	8.0387506	997.51349
96.631836	8.0476179	997.5946
96.731445	8.0557804	997.56171
96.831055	8.0660763	996.81372
96.930664	8.0728264	997.50446
97.030273	8.0811367	997.13196
97.129883	8.0884819	996.99036
97.229492	8.0982256	997.26251
97.329102	8.1063166	996.46069
97.428711	8.1159763	996.85071
97.52832	8.1227789	997.05249
97.62793	8.1314907	996.88757
97.727539	8.1392117	996.79712
97.827148	8.1481848	996.75714
97.926758	8.1567459	996.35083
98.026367	8.1641703	996.37909
98.125977	8.1727037	996.34082
98.225586	8.1817741	996.34015
98.325195	8.1897926	996.24445
98.424805	8.1989603	996.0329
98.524414	8.2065372	995.94287
98.624023	8.2144527	995.84595
98.723633	8.2220182	996.11981
98.823242	8.2314701	995.62903
98.922852	8.2398138	995.9137
99.022461	8.2484827	995.63867
99.12207	8.2570715	995.95715
99.22168	8.2650461	995.57446
99.321289	8.2749453	995.10535
99.420898	8.2836323	995.15613
99.520508	8.2897673	995.25861
99.620117	8.2983475	995.1651
99.719727	8.307354	994.27063
99.819336	8.3140736	994.9248
99.918945	8.324996	994.89001
100.01855	8.3324308	994.64764
100.11816	8.3399801	994.36755
100.21777	8.3491716	994.36841
100.31738	8.3575201	994.53278
100.41699	8.366539	993.69116
100.5166	8.3728495	994.14001
100.61621	8.3812447	993.67719
100.71582	8.3905706	993.58545
100.81543	8.3977785	993.61749
100.91504	8.406991	993.31128
101.01465	8.4143009	993.10504
101.11426	8.4240761	993.02332
101.21387	8.4310427	992.80206
101.31348	8.4395275	992.48395
101.41309	8.448	992.43829
101.5127	8.4557838	992.07178
101.6123	8.4638805	992.18066
101.71191	8.4720669	991.96576
101.81152	8.4822283	991.64801
101.91113	8.4888468	991.59192
102.01074	8.4981461	991.28851

Data Acquisition						Time:	124.09961	s	10/19/2023 3:07:57 PM
Time	Ch 1 LVDT	Ch 1 Force
s	mm	N
102.11035	8.5057516	991.12476
102.20996	8.5154829	990.67889
102.30957	8.52349	990.23376
102.40918	8.5317831	990.0929
102.50879	8.5401621	990.29858
102.6084	8.5492229	990.151
102.70801	8.5569153	989.69556
102.80762	8.566618	989.23151
102.90723	8.5736361	989.10266
103.00684	8.5821962	989.36719
103.10645	8.5908775	988.73016
103.20605	8.5996466	988.21545
103.30566	8.6086807	987.70306
103.40527	8.6165447	988.04791
103.50488	8.6265068	987.24121
103.60449	8.6326399	986.91699
103.7041	8.6419077	986.44055
103.80371	8.6495714	986.08093
103.90332	8.6585464	985.68127
104.00293	8.6666803	985.01929
104.10254	8.6751509	984.61102
104.20215	8.6841507	984.25494
104.30176	8.6937132	983.86407
104.40137	8.701045	983.3219
104.50098	8.7083635	982.81458
104.60059	8.7168684	981.96478
104.7002	8.7262611	981.14331
104.7998	8.7340488	980.94104
104.89941	8.7425919	980.16724
104.99902	8.7508602	979.68091
105.09863	8.7593832	978.53534
105.19824	8.7690697	977.43353
105.29785	8.7753887	976.79889
105.39746	8.7832708	976.50525
105.49707	8.7923851	975.22198
105.59668	8.801054	974.87292
105.69629	8.8083086	973.75488
105.7959	8.8177462	973.02325
105.89551	8.8274736	972.08759
105.99512	8.8355684	971.08588
106.09473	8.8450403	969.80859
106.19434	8.8531942	968.50385
106.29395	8.8623676	967.36768
106.39355	8.8720074	966.22076
106.49316	8.8809032	964.3866
106.59277	8.8886175	962.61517
106.69238	8.9007483	961.02429
106.79199	8.9083385	959.45972
106.8916	8.916995	957.49011
106.99121	8.9248962	954.31067
107.09082	8.932271	951.60626
107.19043	8.9382362	949.94232
107.29004	8.9461899	948.82916
107.38965	8.9537344	947.03925
107.48926	8.9597282	944.92145
107.58887	8.9680138	943.00409
107.68848	8.9756746	940.82471
107.78809	8.984787	938.52338
107.8877	8.9924164	936.34174
107.9873	9.0011358	934.08881
108.08691	9.0113802	930.95776
108.18652	9.0173225	927.70984
108.28613	9.0290527	924.75702
108.38574	9.0381269	921.37061
108.48535	9.0476332	917.15393
108.58496	9.0564051	913.20514
108.68457	9.0665922	908.40961
108.78418	9.0773001	903.74902
108.88379	9.0821762	897.08905
108.9834	9.0891123	892.14697
109.08301	9.0960999	887.80719
109.18262	9.1003256	884.69983
109.28223	9.1048851	881.26062
109.38184	9.1127567	879.06177
109.48145	9.1188917	875.87921
109.58105	9.1260891	872.21191
109.68066	9.1336641	867.23828
109.78027	9.1443319	862.0863
109.87988	9.1541681	854.94427
109.97949	9.1624651	847.2406
110.0791	9.1756563	837.80139
110.17871	9.1877317	827.04736
110.27832	9.2004147	813.59222
110.37793	9.2125168	797.21442
110.47754	9.2203474	779.39777
110.57715	9.2212486	765.30444
110.67676	9.2227898	759.77307
110.77637	9.2282581	752.24841
110.87598	9.2389793	725.2572
110.97559	9.2593203	650.28473
111.0752	9.2735786	482.60312
111.1748	9.2563229	414.25388
111.27441	9.263483	450.01044
111.37402	9.2713842	483.65857
111.47363	9.2764664	501.20956
111.57324	9.2855434	492.10181
111.67285	9.3047924	447.44733
111.77246	9.3244095	397.0426
111.87207	9.3305769	372.36984
111.97168	9.3387022	351.58875
112.07129	9.3490095	323.92239
112.1709	9.3644514	300.9614
112.27051	9.3717175	284.63818
112.37012	9.3772459	274.96539
112.46973	9.3776693	270.53259
112.56934	9.3816376	271.36798
112.66895	9.3892784	264.53253
112.76855	9.3977394	251.48567
112.86816	9.4122486	237.68898
112.96777	9.4231567	226.84056
113.06738	9.4350777	217.23451
113.16699	9.4450912	208.9211
113.2666	9.4515467	202.46848
113.36621	9.4567804	196.33931
113.46582	9.4669762	189.81145
113.56543	9.4729843	183.76556
113.66504	9.4809542	176.6624
113.76465	9.4876957	169.17041
113.86426	9.4991646	159.61649
113.96387	9.5084457	146.50533
114.06348	9.5195303	136.17174
114.16309	9.5288086	127.0741
114.2627	9.531888	121.4816
114.3623	9.5381851	116.53397
114.46191	9.5434465	111.44546
114.56152	9.5507727	105.1006
114.66113	9.5589838	99.416122
114.76074	9.5693007	92.737587
114.86035	9.5790625	86.412437
114.95996	9.5909576	79.432541
115.05957	9.6006699	73.050606
115.15918	9.6091871	68.732185
115.25879	9.6181793	65.469116
115.3584	9.6234903	62.893913
115.45801	9.6311245	60.484943
115.55762	9.6376991	58.648113
115.65723	9.6429434	56.59919
115.75684	9.6485443	54.407356
115.85645	9.6567049	51.225628
115.95605	9.6657028	48.079124
116.05566	9.6752462	42.542103
116.15527	9.6858015	37.05835
116.25488	9.6955671	32.300312
116.35449	9.7053852	25.105392
116.4541	9.7164021	18.568228
116.55371	9.7271557	11.927943
116.65332	9.736002	8.8840981
116.75293	9.7417707	7.8022666
116.85254	9.7456331	6.8075581
116.95215	9.7503481	5.7889686
117.05176	9.7554283	5.4595876
117.15137	9.7605438	4.0007315
117.25098	9.7678413	2.6733103
117.35059	9.776557	1.1347491
117.4502	9.78512	0.14305814
117.5498	9.7946625	-0.069136731
117.64941	9.8033648	-0.17677434
117.74902	9.8128309	-0.004505273
117.84863	9.8195419	-0.22070947
117.94824	9.8292751	-0.13078563
118.04785	9.8369408	-0.17062761
118.14746	9.8467932	-0.18853694
118.24707	9.8529768	-0.41966093
118.34668	9.86164	0.10325108
118.44629	9.8690376	-0.29843068
118.5459	9.8776493	0.061152969
118.64551	9.8873339	-0.26652357
118.74512	9.8929386	-0.28469834
118.84473	9.9031734	0.30887312
118.94434	9.9099541	-0.037606806
119.04395	9.9186144	-0.079970345
119.14355	9.9273815	0.10707183
119.24316	9.9365253	-0.12423377
119.34277	9.945159	-0.041141175
119.44238	9.9530497	-0.047413632
119.54199	9.9608107	-0.10858057
119.6416	9.9698439	0.043984037
119.74121	9.9788513	-0.20108885
119.84082	9.9874287	-0.039569568
119.94043	9.9952374	-0.079858586
120.04004	10.002753	0.0021583401
120.13965	10.011275	0.098892488
120.23926	10.018867	0.24403912
120.33887	10.025972	-0.042971224
120.43848	10.036346	-0.08648029
120.53809	10.042442	-0.15419908
120.6377	10.051207	-0.13195211
120.7373	10.059408	0.0220933
120.83691	10.069771	-0.52252084
120.93652	10.077017	0.37268734
121.03613	10.084595	-0.19936356
121.13574	10.093971	0.18492573
121.23535	10.102417	0.21276763
121.33496	10.111093	0.086459331
121.43457	10.119616	-0.21962681
121.53418	10.125886	-0.27732924
121.63379	10.134669	-0.0011455268
121.7334	10.142979	-0.098187014
121.83301	10.150956	-0.22513792
121.93262	10.160199	-0.072056428
122.03223	10.169102	0.0034715049
122.13184	10.175723	0.07779105
122.23145	10.184805	0.16506062
122.33105	10.193171	0.14349818
122.43066	10.202229	-0.2034218
122.53027	10.209943	0.1584948
122.62988	10.218294	-0.17417595
122.72949	10.226512	0.035315752
122.8291	10.233994	-0.24532434
122.92871	10.242587	-0.1867907
123.02832	10.249937	-0.33499673
123.12793	10.257626	0.13945392
123.22754	10.267825	-0.16564736
123.32715	10.274815	0.13441779
123.42676	10.282508	0.15135622
123.52637	10.292033	-0.022400636
123.62598	10.299564	0.12079719
123.72559	10.307329	-0.19290951
123.8252	10.311756	-0.022386666
123.9248	10.314027	0.066824719
124.02441	10.314317	-0.22730324
